# GIMP devicerc

(GimpDeviceInfo "Core Pointer"
    (icon-name "gimp-cursor")
    (name "Core Pointer")
    (tool-options "GimpColorPickerOptions"
        (tool "gimp-color-picker-tool")
        (foreground (color-rgb 0.28679245283018873 0.21911176160508408 0.16553121438520962)))
    (use-fg-bg yes)
    (use-brush no)
    (use-dynamics no)
    (use-mypaint-brush no)
    (use-gradient no)
    (use-pattern no)
    (use-palette no)
    (use-font no)
    (mode screen)
    (axes 2 x y)
    (keys 0)
    (pressure-curve
        (curve-type smooth)
        (points 4 0 0 1 1)
        (point-types 2 smooth smooth)
        (n-samples 256)
        (samples 256 0 0.0039220000000000001 0.0078429999999999993 0.011764999999999999 0.015685999999999999 0.019608 0.023529000000000001 0.027451 0.031372999999999998 0.035293999999999999 0.039216000000000001 0.043137000000000002 0.047058999999999997 0.050979999999999998 0.054901999999999999 0.058824000000000001 0.062744999999999995 0.066667000000000004 0.070587999999999998 0.074510000000000007 0.078431000000000001 0.082352999999999996 0.086275000000000004 0.090195999999999998 0.094117999999999993 0.098039000000000001 0.101961 0.105882 0.109804 0.11372500000000001 0.117647 0.121569 0.12548999999999999 0.129412 0.13333300000000001 0.13725499999999999 0.141176 0.145098 0.14902000000000001 0.15294099999999999 0.156863 0.16078400000000001 0.16470599999999999 0.168627 0.17254900000000001 0.17647099999999999 0.180392 0.18431400000000001 0.18823500000000001 0.19215699999999999 0.196078 0.20000000000000001 0.20392199999999999 0.207843 0.21176500000000001 0.21568599999999999 0.219608 0.22352900000000001 0.22745099999999999 0.231373 0.235294 0.23921600000000001 0.24313699999999999 0.247059 0.25097999999999998 0.25490200000000002 0.258824 0.26274500000000001 0.26666699999999999 0.270588 0.27450999999999998 0.27843099999999998 0.28235300000000002 0.286275 0.29019600000000001 0.29411799999999999 0.298039 0.30196099999999998 0.30588199999999999 0.30980400000000002 0.31372499999999998 0.31764700000000001 0.32156899999999999 0.32549 0.32941199999999998 0.33333299999999999 0.33725500000000003 0.34117599999999998 0.34509800000000002 0.34902 0.352941 0.35686299999999999 0.36078399999999999 0.36470599999999997 0.36862699999999998 0.37254900000000002 0.376471 0.38039200000000001 0.38431399999999999 0.388235 0.39215699999999998 0.39607799999999999 0.40000000000000002 0.403922 0.40784300000000001 0.41176499999999999 0.415686 0.41960799999999998 0.42352899999999999 0.42745100000000003 0.43137300000000001 0.43529400000000001 0.439216 0.443137 0.44705899999999998 0.45097999999999999 0.45490199999999997 0.45882400000000001 0.46274500000000002 0.466667 0.47058800000000001 0.47450999999999999 0.478431 0.48235299999999998 0.48627500000000001 0.49019600000000002 0.494118 0.49803900000000001 0.50196099999999999 0.50588200000000005 0.50980400000000003 0.51372499999999999 0.51764699999999997 0.52156899999999995 0.52549000000000001 0.52941199999999999 0.53333299999999995 0.53725500000000004 0.54117599999999999 0.54509799999999997 0.54901999999999995 0.55294100000000002 0.556863 0.56078399999999995 0.56470600000000004 0.56862699999999999 0.57254899999999997 0.57647099999999996 0.58039200000000002 0.584314 0.58823499999999995 0.59215700000000004 0.596078 0.59999999999999998 0.60392199999999996 0.60784300000000002 0.611765 0.61568599999999996 0.61960800000000005 0.623529 0.62745099999999998 0.63137299999999996 0.63529400000000003 0.63921600000000001 0.64313699999999996 0.64705900000000005 0.65098 0.65490199999999998 0.65882399999999997 0.66274500000000003 0.66666700000000001 0.67058799999999996 0.67451000000000005 0.67843100000000001 0.68235299999999999 0.68627499999999997 0.69019600000000003 0.69411800000000001 0.69803899999999997 0.70196099999999995 0.70588200000000001 0.70980399999999999 0.71372500000000005 0.71764700000000003 0.72156900000000002 0.72548999999999997 0.72941199999999995 0.73333300000000001 0.73725499999999999 0.74117599999999995 0.74509800000000004 0.74902000000000002 0.75294099999999997 0.75686299999999995 0.76078400000000002 0.764706 0.76862699999999995 0.77254900000000004 0.77647100000000002 0.78039199999999997 0.78431399999999996 0.78823500000000002 0.792157 0.79607799999999995 0.80000000000000004 0.80392200000000003 0.80784299999999998 0.81176499999999996 0.81568600000000002 0.819608 0.82352899999999996 0.82745100000000005 0.83137300000000003 0.83529399999999998 0.83921599999999996 0.84313700000000003 0.84705900000000001 0.85097999999999996 0.85490200000000005 0.85882400000000003 0.86274499999999998 0.86666699999999997 0.87058800000000003 0.87451000000000001 0.87843099999999996 0.88235300000000005 0.88627500000000003 0.89019599999999999 0.89411799999999997 0.89803900000000003 0.90196100000000001 0.90588199999999997 0.90980399999999995 0.91372500000000001 0.91764699999999999 0.92156899999999997 0.92549000000000003 0.92941200000000002 0.93333299999999997 0.93725499999999995 0.94117600000000001 0.94509799999999999 0.94901999999999997 0.95294100000000004 0.95686300000000002 0.96078399999999997 0.96470599999999995 0.96862700000000002 0.972549 0.97647099999999998 0.98039200000000004 0.98431400000000002 0.98823499999999997 0.99215699999999996 0.99607800000000002 1)))
(GimpDeviceInfo "ckb1: Corsair Gaming K70 LUX RGB Keyboard vKB"
    (name "ckb1: Corsair Gaming K70 LUX RGB Keyboard vKB")
    (tool-options "GimpRectangleSelectOptions"
        (tool "gimp-rect-select-tool"))
    (use-fg-bg no)
    (use-brush no)
    (use-dynamics no)
    (use-mypaint-brush no)
    (use-gradient no)
    (use-pattern no)
    (use-palette no)
    (use-font no)
    (mode disabled)
    (axes 4 x y pressure xtilt)
    (keys 0)
    (pressure-curve
        (curve-type smooth)
        (points 4 0 0 1 1)
        (point-types 2 smooth smooth)
        (n-samples 256)
        (samples 256 0 0.0039220000000000001 0.0078429999999999993 0.011764999999999999 0.015685999999999999 0.019608 0.023529000000000001 0.027451 0.031372999999999998 0.035293999999999999 0.039216000000000001 0.043137000000000002 0.047058999999999997 0.050979999999999998 0.054901999999999999 0.058824000000000001 0.062744999999999995 0.066667000000000004 0.070587999999999998 0.074510000000000007 0.078431000000000001 0.082352999999999996 0.086275000000000004 0.090195999999999998 0.094117999999999993 0.098039000000000001 0.101961 0.105882 0.109804 0.11372500000000001 0.117647 0.121569 0.12548999999999999 0.129412 0.13333300000000001 0.13725499999999999 0.141176 0.145098 0.14902000000000001 0.15294099999999999 0.156863 0.16078400000000001 0.16470599999999999 0.168627 0.17254900000000001 0.17647099999999999 0.180392 0.18431400000000001 0.18823500000000001 0.19215699999999999 0.196078 0.20000000000000001 0.20392199999999999 0.207843 0.21176500000000001 0.21568599999999999 0.219608 0.22352900000000001 0.22745099999999999 0.231373 0.235294 0.23921600000000001 0.24313699999999999 0.247059 0.25097999999999998 0.25490200000000002 0.258824 0.26274500000000001 0.26666699999999999 0.270588 0.27450999999999998 0.27843099999999998 0.28235300000000002 0.286275 0.29019600000000001 0.29411799999999999 0.298039 0.30196099999999998 0.30588199999999999 0.30980400000000002 0.31372499999999998 0.31764700000000001 0.32156899999999999 0.32549 0.32941199999999998 0.33333299999999999 0.33725500000000003 0.34117599999999998 0.34509800000000002 0.34902 0.352941 0.35686299999999999 0.36078399999999999 0.36470599999999997 0.36862699999999998 0.37254900000000002 0.376471 0.38039200000000001 0.38431399999999999 0.388235 0.39215699999999998 0.39607799999999999 0.40000000000000002 0.403922 0.40784300000000001 0.41176499999999999 0.415686 0.41960799999999998 0.42352899999999999 0.42745100000000003 0.43137300000000001 0.43529400000000001 0.439216 0.443137 0.44705899999999998 0.45097999999999999 0.45490199999999997 0.45882400000000001 0.46274500000000002 0.466667 0.47058800000000001 0.47450999999999999 0.478431 0.48235299999999998 0.48627500000000001 0.49019600000000002 0.494118 0.49803900000000001 0.50196099999999999 0.50588200000000005 0.50980400000000003 0.51372499999999999 0.51764699999999997 0.52156899999999995 0.52549000000000001 0.52941199999999999 0.53333299999999995 0.53725500000000004 0.54117599999999999 0.54509799999999997 0.54901999999999995 0.55294100000000002 0.556863 0.56078399999999995 0.56470600000000004 0.56862699999999999 0.57254899999999997 0.57647099999999996 0.58039200000000002 0.584314 0.58823499999999995 0.59215700000000004 0.596078 0.59999999999999998 0.60392199999999996 0.60784300000000002 0.611765 0.61568599999999996 0.61960800000000005 0.623529 0.62745099999999998 0.63137299999999996 0.63529400000000003 0.63921600000000001 0.64313699999999996 0.64705900000000005 0.65098 0.65490199999999998 0.65882399999999997 0.66274500000000003 0.66666700000000001 0.67058799999999996 0.67451000000000005 0.67843100000000001 0.68235299999999999 0.68627499999999997 0.69019600000000003 0.69411800000000001 0.69803899999999997 0.70196099999999995 0.70588200000000001 0.70980399999999999 0.71372500000000005 0.71764700000000003 0.72156900000000002 0.72548999999999997 0.72941199999999995 0.73333300000000001 0.73725499999999999 0.74117599999999995 0.74509800000000004 0.74902000000000002 0.75294099999999997 0.75686299999999995 0.76078400000000002 0.764706 0.76862699999999995 0.77254900000000004 0.77647100000000002 0.78039199999999997 0.78431399999999996 0.78823500000000002 0.792157 0.79607799999999995 0.80000000000000004 0.80392200000000003 0.80784299999999998 0.81176499999999996 0.81568600000000002 0.819608 0.82352899999999996 0.82745100000000005 0.83137300000000003 0.83529399999999998 0.83921599999999996 0.84313700000000003 0.84705900000000001 0.85097999999999996 0.85490200000000005 0.85882400000000003 0.86274499999999998 0.86666699999999997 0.87058800000000003 0.87451000000000001 0.87843099999999996 0.88235300000000005 0.88627500000000003 0.89019599999999999 0.89411799999999997 0.89803900000000003 0.90196100000000001 0.90588199999999997 0.90980399999999995 0.91372500000000001 0.91764699999999999 0.92156899999999997 0.92549000000000003 0.92941200000000002 0.93333299999999997 0.93725499999999995 0.94117600000000001 0.94509799999999999 0.94901999999999997 0.95294100000000004 0.95686300000000002 0.96078399999999997 0.96470599999999995 0.96862700000000002 0.972549 0.97647099999999998 0.98039200000000004 0.98431400000000002 0.98823499999999997 0.99215699999999996 0.99607800000000002 1)))
(GimpDeviceInfo "ckb1: Corsair Gaming K70 LUX RGB Keyboard vM"
    (name "ckb1: Corsair Gaming K70 LUX RGB Keyboard vM")
    (tool-options "GimpRectangleSelectOptions"
        (tool "gimp-rect-select-tool"))
    (use-fg-bg no)
    (use-brush no)
    (use-dynamics no)
    (use-mypaint-brush no)
    (use-gradient no)
    (use-pattern no)
    (use-palette no)
    (use-font no)
    (mode disabled)
    (axes 4 x y pressure xtilt)
    (keys 0)
    (pressure-curve
        (curve-type smooth)
        (points 4 0 0 1 1)
        (point-types 2 smooth smooth)
        (n-samples 256)
        (samples 256 0 0.0039220000000000001 0.0078429999999999993 0.011764999999999999 0.015685999999999999 0.019608 0.023529000000000001 0.027451 0.031372999999999998 0.035293999999999999 0.039216000000000001 0.043137000000000002 0.047058999999999997 0.050979999999999998 0.054901999999999999 0.058824000000000001 0.062744999999999995 0.066667000000000004 0.070587999999999998 0.074510000000000007 0.078431000000000001 0.082352999999999996 0.086275000000000004 0.090195999999999998 0.094117999999999993 0.098039000000000001 0.101961 0.105882 0.109804 0.11372500000000001 0.117647 0.121569 0.12548999999999999 0.129412 0.13333300000000001 0.13725499999999999 0.141176 0.145098 0.14902000000000001 0.15294099999999999 0.156863 0.16078400000000001 0.16470599999999999 0.168627 0.17254900000000001 0.17647099999999999 0.180392 0.18431400000000001 0.18823500000000001 0.19215699999999999 0.196078 0.20000000000000001 0.20392199999999999 0.207843 0.21176500000000001 0.21568599999999999 0.219608 0.22352900000000001 0.22745099999999999 0.231373 0.235294 0.23921600000000001 0.24313699999999999 0.247059 0.25097999999999998 0.25490200000000002 0.258824 0.26274500000000001 0.26666699999999999 0.270588 0.27450999999999998 0.27843099999999998 0.28235300000000002 0.286275 0.29019600000000001 0.29411799999999999 0.298039 0.30196099999999998 0.30588199999999999 0.30980400000000002 0.31372499999999998 0.31764700000000001 0.32156899999999999 0.32549 0.32941199999999998 0.33333299999999999 0.33725500000000003 0.34117599999999998 0.34509800000000002 0.34902 0.352941 0.35686299999999999 0.36078399999999999 0.36470599999999997 0.36862699999999998 0.37254900000000002 0.376471 0.38039200000000001 0.38431399999999999 0.388235 0.39215699999999998 0.39607799999999999 0.40000000000000002 0.403922 0.40784300000000001 0.41176499999999999 0.415686 0.41960799999999998 0.42352899999999999 0.42745100000000003 0.43137300000000001 0.43529400000000001 0.439216 0.443137 0.44705899999999998 0.45097999999999999 0.45490199999999997 0.45882400000000001 0.46274500000000002 0.466667 0.47058800000000001 0.47450999999999999 0.478431 0.48235299999999998 0.48627500000000001 0.49019600000000002 0.494118 0.49803900000000001 0.50196099999999999 0.50588200000000005 0.50980400000000003 0.51372499999999999 0.51764699999999997 0.52156899999999995 0.52549000000000001 0.52941199999999999 0.53333299999999995 0.53725500000000004 0.54117599999999999 0.54509799999999997 0.54901999999999995 0.55294100000000002 0.556863 0.56078399999999995 0.56470600000000004 0.56862699999999999 0.57254899999999997 0.57647099999999996 0.58039200000000002 0.584314 0.58823499999999995 0.59215700000000004 0.596078 0.59999999999999998 0.60392199999999996 0.60784300000000002 0.611765 0.61568599999999996 0.61960800000000005 0.623529 0.62745099999999998 0.63137299999999996 0.63529400000000003 0.63921600000000001 0.64313699999999996 0.64705900000000005 0.65098 0.65490199999999998 0.65882399999999997 0.66274500000000003 0.66666700000000001 0.67058799999999996 0.67451000000000005 0.67843100000000001 0.68235299999999999 0.68627499999999997 0.69019600000000003 0.69411800000000001 0.69803899999999997 0.70196099999999995 0.70588200000000001 0.70980399999999999 0.71372500000000005 0.71764700000000003 0.72156900000000002 0.72548999999999997 0.72941199999999995 0.73333300000000001 0.73725499999999999 0.74117599999999995 0.74509800000000004 0.74902000000000002 0.75294099999999997 0.75686299999999995 0.76078400000000002 0.764706 0.76862699999999995 0.77254900000000004 0.77647100000000002 0.78039199999999997 0.78431399999999996 0.78823500000000002 0.792157 0.79607799999999995 0.80000000000000004 0.80392200000000003 0.80784299999999998 0.81176499999999996 0.81568600000000002 0.819608 0.82352899999999996 0.82745100000000005 0.83137300000000003 0.83529399999999998 0.83921599999999996 0.84313700000000003 0.84705900000000001 0.85097999999999996 0.85490200000000005 0.85882400000000003 0.86274499999999998 0.86666699999999997 0.87058800000000003 0.87451000000000001 0.87843099999999996 0.88235300000000005 0.88627500000000003 0.89019599999999999 0.89411799999999997 0.89803900000000003 0.90196100000000001 0.90588199999999997 0.90980399999999995 0.91372500000000001 0.91764699999999999 0.92156899999999997 0.92549000000000003 0.92941200000000002 0.93333299999999997 0.93725499999999995 0.94117600000000001 0.94509799999999999 0.94901999999999997 0.95294100000000004 0.95686300000000002 0.96078399999999997 0.96470599999999995 0.96862700000000002 0.972549 0.97647099999999998 0.98039200000000004 0.98431400000000002 0.98823499999999997 0.99215699999999996 0.99607800000000002 1)))
(GimpDeviceInfo "Logitech MX Master"
    (name "Logitech MX Master")
    (tool-options "GimpRectangleSelectOptions"
        (tool "gimp-rect-select-tool"))
    (use-fg-bg no)
    (use-brush no)
    (use-dynamics no)
    (use-mypaint-brush no)
    (use-gradient no)
    (use-pattern no)
    (use-palette no)
    (use-font no)
    (mode disabled)
    (axes 4 x y pressure xtilt)
    (keys 0)
    (pressure-curve
        (curve-type smooth)
        (points 4 0 0 1 1)
        (point-types 2 smooth smooth)
        (n-samples 256)
        (samples 256 0 0.0039220000000000001 0.0078429999999999993 0.011764999999999999 0.015685999999999999 0.019608 0.023529000000000001 0.027451 0.031372999999999998 0.035293999999999999 0.039216000000000001 0.043137000000000002 0.047058999999999997 0.050979999999999998 0.054901999999999999 0.058824000000000001 0.062744999999999995 0.066667000000000004 0.070587999999999998 0.074510000000000007 0.078431000000000001 0.082352999999999996 0.086275000000000004 0.090195999999999998 0.094117999999999993 0.098039000000000001 0.101961 0.105882 0.109804 0.11372500000000001 0.117647 0.121569 0.12548999999999999 0.129412 0.13333300000000001 0.13725499999999999 0.141176 0.145098 0.14902000000000001 0.15294099999999999 0.156863 0.16078400000000001 0.16470599999999999 0.168627 0.17254900000000001 0.17647099999999999 0.180392 0.18431400000000001 0.18823500000000001 0.19215699999999999 0.196078 0.20000000000000001 0.20392199999999999 0.207843 0.21176500000000001 0.21568599999999999 0.219608 0.22352900000000001 0.22745099999999999 0.231373 0.235294 0.23921600000000001 0.24313699999999999 0.247059 0.25097999999999998 0.25490200000000002 0.258824 0.26274500000000001 0.26666699999999999 0.270588 0.27450999999999998 0.27843099999999998 0.28235300000000002 0.286275 0.29019600000000001 0.29411799999999999 0.298039 0.30196099999999998 0.30588199999999999 0.30980400000000002 0.31372499999999998 0.31764700000000001 0.32156899999999999 0.32549 0.32941199999999998 0.33333299999999999 0.33725500000000003 0.34117599999999998 0.34509800000000002 0.34902 0.352941 0.35686299999999999 0.36078399999999999 0.36470599999999997 0.36862699999999998 0.37254900000000002 0.376471 0.38039200000000001 0.38431399999999999 0.388235 0.39215699999999998 0.39607799999999999 0.40000000000000002 0.403922 0.40784300000000001 0.41176499999999999 0.415686 0.41960799999999998 0.42352899999999999 0.42745100000000003 0.43137300000000001 0.43529400000000001 0.439216 0.443137 0.44705899999999998 0.45097999999999999 0.45490199999999997 0.45882400000000001 0.46274500000000002 0.466667 0.47058800000000001 0.47450999999999999 0.478431 0.48235299999999998 0.48627500000000001 0.49019600000000002 0.494118 0.49803900000000001 0.50196099999999999 0.50588200000000005 0.50980400000000003 0.51372499999999999 0.51764699999999997 0.52156899999999995 0.52549000000000001 0.52941199999999999 0.53333299999999995 0.53725500000000004 0.54117599999999999 0.54509799999999997 0.54901999999999995 0.55294100000000002 0.556863 0.56078399999999995 0.56470600000000004 0.56862699999999999 0.57254899999999997 0.57647099999999996 0.58039200000000002 0.584314 0.58823499999999995 0.59215700000000004 0.596078 0.59999999999999998 0.60392199999999996 0.60784300000000002 0.611765 0.61568599999999996 0.61960800000000005 0.623529 0.62745099999999998 0.63137299999999996 0.63529400000000003 0.63921600000000001 0.64313699999999996 0.64705900000000005 0.65098 0.65490199999999998 0.65882399999999997 0.66274500000000003 0.66666700000000001 0.67058799999999996 0.67451000000000005 0.67843100000000001 0.68235299999999999 0.68627499999999997 0.69019600000000003 0.69411800000000001 0.69803899999999997 0.70196099999999995 0.70588200000000001 0.70980399999999999 0.71372500000000005 0.71764700000000003 0.72156900000000002 0.72548999999999997 0.72941199999999995 0.73333300000000001 0.73725499999999999 0.74117599999999995 0.74509800000000004 0.74902000000000002 0.75294099999999997 0.75686299999999995 0.76078400000000002 0.764706 0.76862699999999995 0.77254900000000004 0.77647100000000002 0.78039199999999997 0.78431399999999996 0.78823500000000002 0.792157 0.79607799999999995 0.80000000000000004 0.80392200000000003 0.80784299999999998 0.81176499999999996 0.81568600000000002 0.819608 0.82352899999999996 0.82745100000000005 0.83137300000000003 0.83529399999999998 0.83921599999999996 0.84313700000000003 0.84705900000000001 0.85097999999999996 0.85490200000000005 0.85882400000000003 0.86274499999999998 0.86666699999999997 0.87058800000000003 0.87451000000000001 0.87843099999999996 0.88235300000000005 0.88627500000000003 0.89019599999999999 0.89411799999999997 0.89803900000000003 0.90196100000000001 0.90588199999999997 0.90980399999999995 0.91372500000000001 0.91764699999999999 0.92156899999999997 0.92549000000000003 0.92941200000000002 0.93333299999999997 0.93725499999999995 0.94117600000000001 0.94509799999999999 0.94901999999999997 0.95294100000000004 0.95686300000000002 0.96078399999999997 0.96470599999999995 0.96862700000000002 0.972549 0.97647099999999998 0.98039200000000004 0.98431400000000002 0.98823499999999997 0.99215699999999996 0.99607800000000002 1)))
(GimpDeviceInfo "Sony Computer Entertainment Wireless Controller Touchpad"
    (icon-name "gimp-cursor")
    (name "Sony Computer Entertainment Wireless Controller Touchpad")
    (tool-options "GimpRectangleSelectOptions"
        (tool "gimp-rect-select-tool"))
    (use-fg-bg no)
    (use-brush no)
    (use-dynamics no)
    (use-mypaint-brush no)
    (use-gradient no)
    (use-pattern no)
    (use-palette no)
    (use-font no)
    (mode disabled)
    (axes 4 x y pressure xtilt)
    (keys 0)
    (pressure-curve
        (curve-type smooth)
        (points 4 0 0 1 1)
        (point-types 2 smooth smooth)
        (n-samples 256)
        (samples 256 0 0.0039220000000000001 0.0078429999999999993 0.011764999999999999 0.015685999999999999 0.019608 0.023529000000000001 0.027451 0.031372999999999998 0.035293999999999999 0.039216000000000001 0.043137000000000002 0.047058999999999997 0.050979999999999998 0.054901999999999999 0.058824000000000001 0.062744999999999995 0.066667000000000004 0.070587999999999998 0.074510000000000007 0.078431000000000001 0.082352999999999996 0.086275000000000004 0.090195999999999998 0.094117999999999993 0.098039000000000001 0.101961 0.105882 0.109804 0.11372500000000001 0.117647 0.121569 0.12548999999999999 0.129412 0.13333300000000001 0.13725499999999999 0.141176 0.145098 0.14902000000000001 0.15294099999999999 0.156863 0.16078400000000001 0.16470599999999999 0.168627 0.17254900000000001 0.17647099999999999 0.180392 0.18431400000000001 0.18823500000000001 0.19215699999999999 0.196078 0.20000000000000001 0.20392199999999999 0.207843 0.21176500000000001 0.21568599999999999 0.219608 0.22352900000000001 0.22745099999999999 0.231373 0.235294 0.23921600000000001 0.24313699999999999 0.247059 0.25097999999999998 0.25490200000000002 0.258824 0.26274500000000001 0.26666699999999999 0.270588 0.27450999999999998 0.27843099999999998 0.28235300000000002 0.286275 0.29019600000000001 0.29411799999999999 0.298039 0.30196099999999998 0.30588199999999999 0.30980400000000002 0.31372499999999998 0.31764700000000001 0.32156899999999999 0.32549 0.32941199999999998 0.33333299999999999 0.33725500000000003 0.34117599999999998 0.34509800000000002 0.34902 0.352941 0.35686299999999999 0.36078399999999999 0.36470599999999997 0.36862699999999998 0.37254900000000002 0.376471 0.38039200000000001 0.38431399999999999 0.388235 0.39215699999999998 0.39607799999999999 0.40000000000000002 0.403922 0.40784300000000001 0.41176499999999999 0.415686 0.41960799999999998 0.42352899999999999 0.42745100000000003 0.43137300000000001 0.43529400000000001 0.439216 0.443137 0.44705899999999998 0.45097999999999999 0.45490199999999997 0.45882400000000001 0.46274500000000002 0.466667 0.47058800000000001 0.47450999999999999 0.478431 0.48235299999999998 0.48627500000000001 0.49019600000000002 0.494118 0.49803900000000001 0.50196099999999999 0.50588200000000005 0.50980400000000003 0.51372499999999999 0.51764699999999997 0.52156899999999995 0.52549000000000001 0.52941199999999999 0.53333299999999995 0.53725500000000004 0.54117599999999999 0.54509799999999997 0.54901999999999995 0.55294100000000002 0.556863 0.56078399999999995 0.56470600000000004 0.56862699999999999 0.57254899999999997 0.57647099999999996 0.58039200000000002 0.584314 0.58823499999999995 0.59215700000000004 0.596078 0.59999999999999998 0.60392199999999996 0.60784300000000002 0.611765 0.61568599999999996 0.61960800000000005 0.623529 0.62745099999999998 0.63137299999999996 0.63529400000000003 0.63921600000000001 0.64313699999999996 0.64705900000000005 0.65098 0.65490199999999998 0.65882399999999997 0.66274500000000003 0.66666700000000001 0.67058799999999996 0.67451000000000005 0.67843100000000001 0.68235299999999999 0.68627499999999997 0.69019600000000003 0.69411800000000001 0.69803899999999997 0.70196099999999995 0.70588200000000001 0.70980399999999999 0.71372500000000005 0.71764700000000003 0.72156900000000002 0.72548999999999997 0.72941199999999995 0.73333300000000001 0.73725499999999999 0.74117599999999995 0.74509800000000004 0.74902000000000002 0.75294099999999997 0.75686299999999995 0.76078400000000002 0.764706 0.76862699999999995 0.77254900000000004 0.77647100000000002 0.78039199999999997 0.78431399999999996 0.78823500000000002 0.792157 0.79607799999999995 0.80000000000000004 0.80392200000000003 0.80784299999999998 0.81176499999999996 0.81568600000000002 0.819608 0.82352899999999996 0.82745100000000005 0.83137300000000003 0.83529399999999998 0.83921599999999996 0.84313700000000003 0.84705900000000001 0.85097999999999996 0.85490200000000005 0.85882400000000003 0.86274499999999998 0.86666699999999997 0.87058800000000003 0.87451000000000001 0.87843099999999996 0.88235300000000005 0.88627500000000003 0.89019599999999999 0.89411799999999997 0.89803900000000003 0.90196100000000001 0.90588199999999997 0.90980399999999995 0.91372500000000001 0.91764699999999999 0.92156899999999997 0.92549000000000003 0.92941200000000002 0.93333299999999997 0.93725499999999995 0.94117600000000001 0.94509799999999999 0.94901999999999997 0.95294100000000004 0.95686300000000002 0.96078399999999997 0.96470599999999995 0.96862700000000002 0.972549 0.97647099999999998 0.98039200000000004 0.98431400000000002 0.98823499999999997 0.99215699999999996 0.99607800000000002 1)))
(GimpDeviceInfo "Virtual core XTEST pointer"
    (icon-name "gimp-cursor")
    (name "Virtual core XTEST pointer")
    (tool-options "GimpRectangleSelectOptions"
        (tool "gimp-rect-select-tool"))
    (use-fg-bg no)
    (use-brush no)
    (use-dynamics no)
    (use-mypaint-brush no)
    (use-gradient no)
    (use-pattern no)
    (use-palette no)
    (use-font no)
    (mode disabled)
    (axes 2 x y)
    (keys 0)
    (pressure-curve
        (curve-type smooth)
        (points 4 0 0 1 1)
        (point-types 2 smooth smooth)
        (n-samples 256)
        (samples 256 0 0.0039220000000000001 0.0078429999999999993 0.011764999999999999 0.015685999999999999 0.019608 0.023529000000000001 0.027451 0.031372999999999998 0.035293999999999999 0.039216000000000001 0.043137000000000002 0.047058999999999997 0.050979999999999998 0.054901999999999999 0.058824000000000001 0.062744999999999995 0.066667000000000004 0.070587999999999998 0.074510000000000007 0.078431000000000001 0.082352999999999996 0.086275000000000004 0.090195999999999998 0.094117999999999993 0.098039000000000001 0.101961 0.105882 0.109804 0.11372500000000001 0.117647 0.121569 0.12548999999999999 0.129412 0.13333300000000001 0.13725499999999999 0.141176 0.145098 0.14902000000000001 0.15294099999999999 0.156863 0.16078400000000001 0.16470599999999999 0.168627 0.17254900000000001 0.17647099999999999 0.180392 0.18431400000000001 0.18823500000000001 0.19215699999999999 0.196078 0.20000000000000001 0.20392199999999999 0.207843 0.21176500000000001 0.21568599999999999 0.219608 0.22352900000000001 0.22745099999999999 0.231373 0.235294 0.23921600000000001 0.24313699999999999 0.247059 0.25097999999999998 0.25490200000000002 0.258824 0.26274500000000001 0.26666699999999999 0.270588 0.27450999999999998 0.27843099999999998 0.28235300000000002 0.286275 0.29019600000000001 0.29411799999999999 0.298039 0.30196099999999998 0.30588199999999999 0.30980400000000002 0.31372499999999998 0.31764700000000001 0.32156899999999999 0.32549 0.32941199999999998 0.33333299999999999 0.33725500000000003 0.34117599999999998 0.34509800000000002 0.34902 0.352941 0.35686299999999999 0.36078399999999999 0.36470599999999997 0.36862699999999998 0.37254900000000002 0.376471 0.38039200000000001 0.38431399999999999 0.388235 0.39215699999999998 0.39607799999999999 0.40000000000000002 0.403922 0.40784300000000001 0.41176499999999999 0.415686 0.41960799999999998 0.42352899999999999 0.42745100000000003 0.43137300000000001 0.43529400000000001 0.439216 0.443137 0.44705899999999998 0.45097999999999999 0.45490199999999997 0.45882400000000001 0.46274500000000002 0.466667 0.47058800000000001 0.47450999999999999 0.478431 0.48235299999999998 0.48627500000000001 0.49019600000000002 0.494118 0.49803900000000001 0.50196099999999999 0.50588200000000005 0.50980400000000003 0.51372499999999999 0.51764699999999997 0.52156899999999995 0.52549000000000001 0.52941199999999999 0.53333299999999995 0.53725500000000004 0.54117599999999999 0.54509799999999997 0.54901999999999995 0.55294100000000002 0.556863 0.56078399999999995 0.56470600000000004 0.56862699999999999 0.57254899999999997 0.57647099999999996 0.58039200000000002 0.584314 0.58823499999999995 0.59215700000000004 0.596078 0.59999999999999998 0.60392199999999996 0.60784300000000002 0.611765 0.61568599999999996 0.61960800000000005 0.623529 0.62745099999999998 0.63137299999999996 0.63529400000000003 0.63921600000000001 0.64313699999999996 0.64705900000000005 0.65098 0.65490199999999998 0.65882399999999997 0.66274500000000003 0.66666700000000001 0.67058799999999996 0.67451000000000005 0.67843100000000001 0.68235299999999999 0.68627499999999997 0.69019600000000003 0.69411800000000001 0.69803899999999997 0.70196099999999995 0.70588200000000001 0.70980399999999999 0.71372500000000005 0.71764700000000003 0.72156900000000002 0.72548999999999997 0.72941199999999995 0.73333300000000001 0.73725499999999999 0.74117599999999995 0.74509800000000004 0.74902000000000002 0.75294099999999997 0.75686299999999995 0.76078400000000002 0.764706 0.76862699999999995 0.77254900000000004 0.77647100000000002 0.78039199999999997 0.78431399999999996 0.78823500000000002 0.792157 0.79607799999999995 0.80000000000000004 0.80392200000000003 0.80784299999999998 0.81176499999999996 0.81568600000000002 0.819608 0.82352899999999996 0.82745100000000005 0.83137300000000003 0.83529399999999998 0.83921599999999996 0.84313700000000003 0.84705900000000001 0.85097999999999996 0.85490200000000005 0.85882400000000003 0.86274499999999998 0.86666699999999997 0.87058800000000003 0.87451000000000001 0.87843099999999996 0.88235300000000005 0.88627500000000003 0.89019599999999999 0.89411799999999997 0.89803900000000003 0.90196100000000001 0.90588199999999997 0.90980399999999995 0.91372500000000001 0.91764699999999999 0.92156899999999997 0.92549000000000003 0.92941200000000002 0.93333299999999997 0.93725499999999995 0.94117600000000001 0.94509799999999999 0.94901999999999997 0.95294100000000004 0.95686300000000002 0.96078399999999997 0.96470599999999995 0.96862700000000002 0.972549 0.97647099999999998 0.98039200000000004 0.98431400000000002 0.98823499999999997 0.99215699999999996 0.99607800000000002 1)))
(GimpDeviceInfo "HUION 580 Consumer Control"
    (name "HUION 580 Consumer Control")
    (tool-options "GimpRectangleSelectOptions"
        (tool "gimp-rect-select-tool"))
    (use-fg-bg no)
    (use-brush no)
    (use-dynamics no)
    (use-mypaint-brush no)
    (use-gradient no)
    (use-pattern no)
    (use-palette no)
    (use-font no)
    (mode disabled)
    (axes 4 x y pressure xtilt)
    (keys 0)
    (pressure-curve
        (curve-type smooth)
        (points 4 0 0 1 1)
        (point-types 2 smooth smooth)
        (n-samples 256)
        (samples 256 0 0.0039220000000000001 0.0078429999999999993 0.011764999999999999 0.015685999999999999 0.019608 0.023529000000000001 0.027451 0.031372999999999998 0.035293999999999999 0.039216000000000001 0.043137000000000002 0.047058999999999997 0.050979999999999998 0.054901999999999999 0.058824000000000001 0.062744999999999995 0.066667000000000004 0.070587999999999998 0.074510000000000007 0.078431000000000001 0.082352999999999996 0.086275000000000004 0.090195999999999998 0.094117999999999993 0.098039000000000001 0.101961 0.105882 0.109804 0.11372500000000001 0.117647 0.121569 0.12548999999999999 0.129412 0.13333300000000001 0.13725499999999999 0.141176 0.145098 0.14902000000000001 0.15294099999999999 0.156863 0.16078400000000001 0.16470599999999999 0.168627 0.17254900000000001 0.17647099999999999 0.180392 0.18431400000000001 0.18823500000000001 0.19215699999999999 0.196078 0.20000000000000001 0.20392199999999999 0.207843 0.21176500000000001 0.21568599999999999 0.219608 0.22352900000000001 0.22745099999999999 0.231373 0.235294 0.23921600000000001 0.24313699999999999 0.247059 0.25097999999999998 0.25490200000000002 0.258824 0.26274500000000001 0.26666699999999999 0.270588 0.27450999999999998 0.27843099999999998 0.28235300000000002 0.286275 0.29019600000000001 0.29411799999999999 0.298039 0.30196099999999998 0.30588199999999999 0.30980400000000002 0.31372499999999998 0.31764700000000001 0.32156899999999999 0.32549 0.32941199999999998 0.33333299999999999 0.33725500000000003 0.34117599999999998 0.34509800000000002 0.34902 0.352941 0.35686299999999999 0.36078399999999999 0.36470599999999997 0.36862699999999998 0.37254900000000002 0.376471 0.38039200000000001 0.38431399999999999 0.388235 0.39215699999999998 0.39607799999999999 0.40000000000000002 0.403922 0.40784300000000001 0.41176499999999999 0.415686 0.41960799999999998 0.42352899999999999 0.42745100000000003 0.43137300000000001 0.43529400000000001 0.439216 0.443137 0.44705899999999998 0.45097999999999999 0.45490199999999997 0.45882400000000001 0.46274500000000002 0.466667 0.47058800000000001 0.47450999999999999 0.478431 0.48235299999999998 0.48627500000000001 0.49019600000000002 0.494118 0.49803900000000001 0.50196099999999999 0.50588200000000005 0.50980400000000003 0.51372499999999999 0.51764699999999997 0.52156899999999995 0.52549000000000001 0.52941199999999999 0.53333299999999995 0.53725500000000004 0.54117599999999999 0.54509799999999997 0.54901999999999995 0.55294100000000002 0.556863 0.56078399999999995 0.56470600000000004 0.56862699999999999 0.57254899999999997 0.57647099999999996 0.58039200000000002 0.584314 0.58823499999999995 0.59215700000000004 0.596078 0.59999999999999998 0.60392199999999996 0.60784300000000002 0.611765 0.61568599999999996 0.61960800000000005 0.623529 0.62745099999999998 0.63137299999999996 0.63529400000000003 0.63921600000000001 0.64313699999999996 0.64705900000000005 0.65098 0.65490199999999998 0.65882399999999997 0.66274500000000003 0.66666700000000001 0.67058799999999996 0.67451000000000005 0.67843100000000001 0.68235299999999999 0.68627499999999997 0.69019600000000003 0.69411800000000001 0.69803899999999997 0.70196099999999995 0.70588200000000001 0.70980399999999999 0.71372500000000005 0.71764700000000003 0.72156900000000002 0.72548999999999997 0.72941199999999995 0.73333300000000001 0.73725499999999999 0.74117599999999995 0.74509800000000004 0.74902000000000002 0.75294099999999997 0.75686299999999995 0.76078400000000002 0.764706 0.76862699999999995 0.77254900000000004 0.77647100000000002 0.78039199999999997 0.78431399999999996 0.78823500000000002 0.792157 0.79607799999999995 0.80000000000000004 0.80392200000000003 0.80784299999999998 0.81176499999999996 0.81568600000000002 0.819608 0.82352899999999996 0.82745100000000005 0.83137300000000003 0.83529399999999998 0.83921599999999996 0.84313700000000003 0.84705900000000001 0.85097999999999996 0.85490200000000005 0.85882400000000003 0.86274499999999998 0.86666699999999997 0.87058800000000003 0.87451000000000001 0.87843099999999996 0.88235300000000005 0.88627500000000003 0.89019599999999999 0.89411799999999997 0.89803900000000003 0.90196100000000001 0.90588199999999997 0.90980399999999995 0.91372500000000001 0.91764699999999999 0.92156899999999997 0.92549000000000003 0.92941200000000002 0.93333299999999997 0.93725499999999995 0.94117600000000001 0.94509799999999999 0.94901999999999997 0.95294100000000004 0.95686300000000002 0.96078399999999997 0.96470599999999995 0.96862700000000002 0.972549 0.97647099999999998 0.98039200000000004 0.98431400000000002 0.98823499999999997 0.99215699999999996 0.99607800000000002 1)))
(GimpDeviceInfo "HUION 580 Pad"
    (name "HUION 580 Pad")
    (tool-options "GimpRectangleSelectOptions"
        (tool "gimp-rect-select-tool"))
    (use-fg-bg no)
    (use-brush no)
    (use-dynamics no)
    (use-mypaint-brush no)
    (use-gradient no)
    (use-pattern no)
    (use-palette no)
    (use-font no)
    (mode disabled)
    (axes 7 x y pressure xtilt ytilt wheel ignore)
    (keys 0)
    (pressure-curve
        (curve-type smooth)
        (points 4 0 0 1 1)
        (point-types 2 smooth smooth)
        (n-samples 256)
        (samples 256 0 0.0039220000000000001 0.0078429999999999993 0.011764999999999999 0.015685999999999999 0.019608 0.023529000000000001 0.027451 0.031372999999999998 0.035293999999999999 0.039216000000000001 0.043137000000000002 0.047058999999999997 0.050979999999999998 0.054901999999999999 0.058824000000000001 0.062744999999999995 0.066667000000000004 0.070587999999999998 0.074510000000000007 0.078431000000000001 0.082352999999999996 0.086275000000000004 0.090195999999999998 0.094117999999999993 0.098039000000000001 0.101961 0.105882 0.109804 0.11372500000000001 0.117647 0.121569 0.12548999999999999 0.129412 0.13333300000000001 0.13725499999999999 0.141176 0.145098 0.14902000000000001 0.15294099999999999 0.156863 0.16078400000000001 0.16470599999999999 0.168627 0.17254900000000001 0.17647099999999999 0.180392 0.18431400000000001 0.18823500000000001 0.19215699999999999 0.196078 0.20000000000000001 0.20392199999999999 0.207843 0.21176500000000001 0.21568599999999999 0.219608 0.22352900000000001 0.22745099999999999 0.231373 0.235294 0.23921600000000001 0.24313699999999999 0.247059 0.25097999999999998 0.25490200000000002 0.258824 0.26274500000000001 0.26666699999999999 0.270588 0.27450999999999998 0.27843099999999998 0.28235300000000002 0.286275 0.29019600000000001 0.29411799999999999 0.298039 0.30196099999999998 0.30588199999999999 0.30980400000000002 0.31372499999999998 0.31764700000000001 0.32156899999999999 0.32549 0.32941199999999998 0.33333299999999999 0.33725500000000003 0.34117599999999998 0.34509800000000002 0.34902 0.352941 0.35686299999999999 0.36078399999999999 0.36470599999999997 0.36862699999999998 0.37254900000000002 0.376471 0.38039200000000001 0.38431399999999999 0.388235 0.39215699999999998 0.39607799999999999 0.40000000000000002 0.403922 0.40784300000000001 0.41176499999999999 0.415686 0.41960799999999998 0.42352899999999999 0.42745100000000003 0.43137300000000001 0.43529400000000001 0.439216 0.443137 0.44705899999999998 0.45097999999999999 0.45490199999999997 0.45882400000000001 0.46274500000000002 0.466667 0.47058800000000001 0.47450999999999999 0.478431 0.48235299999999998 0.48627500000000001 0.49019600000000002 0.494118 0.49803900000000001 0.50196099999999999 0.50588200000000005 0.50980400000000003 0.51372499999999999 0.51764699999999997 0.52156899999999995 0.52549000000000001 0.52941199999999999 0.53333299999999995 0.53725500000000004 0.54117599999999999 0.54509799999999997 0.54901999999999995 0.55294100000000002 0.556863 0.56078399999999995 0.56470600000000004 0.56862699999999999 0.57254899999999997 0.57647099999999996 0.58039200000000002 0.584314 0.58823499999999995 0.59215700000000004 0.596078 0.59999999999999998 0.60392199999999996 0.60784300000000002 0.611765 0.61568599999999996 0.61960800000000005 0.623529 0.62745099999999998 0.63137299999999996 0.63529400000000003 0.63921600000000001 0.64313699999999996 0.64705900000000005 0.65098 0.65490199999999998 0.65882399999999997 0.66274500000000003 0.66666700000000001 0.67058799999999996 0.67451000000000005 0.67843100000000001 0.68235299999999999 0.68627499999999997 0.69019600000000003 0.69411800000000001 0.69803899999999997 0.70196099999999995 0.70588200000000001 0.70980399999999999 0.71372500000000005 0.71764700000000003 0.72156900000000002 0.72548999999999997 0.72941199999999995 0.73333300000000001 0.73725499999999999 0.74117599999999995 0.74509800000000004 0.74902000000000002 0.75294099999999997 0.75686299999999995 0.76078400000000002 0.764706 0.76862699999999995 0.77254900000000004 0.77647100000000002 0.78039199999999997 0.78431399999999996 0.78823500000000002 0.792157 0.79607799999999995 0.80000000000000004 0.80392200000000003 0.80784299999999998 0.81176499999999996 0.81568600000000002 0.819608 0.82352899999999996 0.82745100000000005 0.83137300000000003 0.83529399999999998 0.83921599999999996 0.84313700000000003 0.84705900000000001 0.85097999999999996 0.85490200000000005 0.85882400000000003 0.86274499999999998 0.86666699999999997 0.87058800000000003 0.87451000000000001 0.87843099999999996 0.88235300000000005 0.88627500000000003 0.89019599999999999 0.89411799999999997 0.89803900000000003 0.90196100000000001 0.90588199999999997 0.90980399999999995 0.91372500000000001 0.91764699999999999 0.92156899999999997 0.92549000000000003 0.92941200000000002 0.93333299999999997 0.93725499999999995 0.94117600000000001 0.94509799999999999 0.94901999999999997 0.95294100000000004 0.95686300000000002 0.96078399999999997 0.96470599999999995 0.96862700000000002 0.972549 0.97647099999999998 0.98039200000000004 0.98431400000000002 0.98823499999999997 0.99215699999999996 0.99607800000000002 1)))
(GimpDeviceInfo "HUION 580 Pen Pen (0)"
    (icon-name "gimp-tool-paintbrush")
    (name "HUION 580 Pen Pen (0)")
    (tool-options "GimpPaintOptions"
        (tool "gimp-paintbrush-tool")
        (brush "2. Hardness 075")
        (dynamics "Size")
        (gradient "FG to Transparent")
        (palette "Default")
        (brush-size 51)
        (brush-hardness 0.75))
    (use-fg-bg yes)
    (use-brush yes)
    (use-dynamics yes)
    (use-mypaint-brush no)
    (use-gradient yes)
    (use-pattern no)
    (use-palette yes)
    (use-font no)
    (mode screen)
    (axes 3 x y pressure)
    (keys 0)
    (pressure-curve
        (curve-type smooth)
        (points 4 0 0 1 1)
        (point-types 2 smooth smooth)
        (n-samples 256)
        (samples 256 0 0.0039220000000000001 0.0078429999999999993 0.011764999999999999 0.015685999999999999 0.019608 0.023529000000000001 0.027451 0.031372999999999998 0.035293999999999999 0.039216000000000001 0.043137000000000002 0.047058999999999997 0.050979999999999998 0.054901999999999999 0.058824000000000001 0.062744999999999995 0.066667000000000004 0.070587999999999998 0.074510000000000007 0.078431000000000001 0.082352999999999996 0.086275000000000004 0.090195999999999998 0.094117999999999993 0.098039000000000001 0.101961 0.105882 0.109804 0.11372500000000001 0.117647 0.121569 0.12548999999999999 0.129412 0.13333300000000001 0.13725499999999999 0.141176 0.145098 0.14902000000000001 0.15294099999999999 0.156863 0.16078400000000001 0.16470599999999999 0.168627 0.17254900000000001 0.17647099999999999 0.180392 0.18431400000000001 0.18823500000000001 0.19215699999999999 0.196078 0.20000000000000001 0.20392199999999999 0.207843 0.21176500000000001 0.21568599999999999 0.219608 0.22352900000000001 0.22745099999999999 0.231373 0.235294 0.23921600000000001 0.24313699999999999 0.247059 0.25097999999999998 0.25490200000000002 0.258824 0.26274500000000001 0.26666699999999999 0.270588 0.27450999999999998 0.27843099999999998 0.28235300000000002 0.286275 0.29019600000000001 0.29411799999999999 0.298039 0.30196099999999998 0.30588199999999999 0.30980400000000002 0.31372499999999998 0.31764700000000001 0.32156899999999999 0.32549 0.32941199999999998 0.33333299999999999 0.33725500000000003 0.34117599999999998 0.34509800000000002 0.34902 0.352941 0.35686299999999999 0.36078399999999999 0.36470599999999997 0.36862699999999998 0.37254900000000002 0.376471 0.38039200000000001 0.38431399999999999 0.388235 0.39215699999999998 0.39607799999999999 0.40000000000000002 0.403922 0.40784300000000001 0.41176499999999999 0.415686 0.41960799999999998 0.42352899999999999 0.42745100000000003 0.43137300000000001 0.43529400000000001 0.439216 0.443137 0.44705899999999998 0.45097999999999999 0.45490199999999997 0.45882400000000001 0.46274500000000002 0.466667 0.47058800000000001 0.47450999999999999 0.478431 0.48235299999999998 0.48627500000000001 0.49019600000000002 0.494118 0.49803900000000001 0.50196099999999999 0.50588200000000005 0.50980400000000003 0.51372499999999999 0.51764699999999997 0.52156899999999995 0.52549000000000001 0.52941199999999999 0.53333299999999995 0.53725500000000004 0.54117599999999999 0.54509799999999997 0.54901999999999995 0.55294100000000002 0.556863 0.56078399999999995 0.56470600000000004 0.56862699999999999 0.57254899999999997 0.57647099999999996 0.58039200000000002 0.584314 0.58823499999999995 0.59215700000000004 0.596078 0.59999999999999998 0.60392199999999996 0.60784300000000002 0.611765 0.61568599999999996 0.61960800000000005 0.623529 0.62745099999999998 0.63137299999999996 0.63529400000000003 0.63921600000000001 0.64313699999999996 0.64705900000000005 0.65098 0.65490199999999998 0.65882399999999997 0.66274500000000003 0.66666700000000001 0.67058799999999996 0.67451000000000005 0.67843100000000001 0.68235299999999999 0.68627499999999997 0.69019600000000003 0.69411800000000001 0.69803899999999997 0.70196099999999995 0.70588200000000001 0.70980399999999999 0.71372500000000005 0.71764700000000003 0.72156900000000002 0.72548999999999997 0.72941199999999995 0.73333300000000001 0.73725499999999999 0.74117599999999995 0.74509800000000004 0.74902000000000002 0.75294099999999997 0.75686299999999995 0.76078400000000002 0.764706 0.76862699999999995 0.77254900000000004 0.77647100000000002 0.78039199999999997 0.78431399999999996 0.78823500000000002 0.792157 0.79607799999999995 0.80000000000000004 0.80392200000000003 0.80784299999999998 0.81176499999999996 0.81568600000000002 0.819608 0.82352899999999996 0.82745100000000005 0.83137300000000003 0.83529399999999998 0.83921599999999996 0.84313700000000003 0.84705900000000001 0.85097999999999996 0.85490200000000005 0.85882400000000003 0.86274499999999998 0.86666699999999997 0.87058800000000003 0.87451000000000001 0.87843099999999996 0.88235300000000005 0.88627500000000003 0.89019599999999999 0.89411799999999997 0.89803900000000003 0.90196100000000001 0.90588199999999997 0.90980399999999995 0.91372500000000001 0.91764699999999999 0.92156899999999997 0.92549000000000003 0.92941200000000002 0.93333299999999997 0.93725499999999995 0.94117600000000001 0.94509799999999999 0.94901999999999997 0.95294100000000004 0.95686300000000002 0.96078399999999997 0.96470599999999995 0.96862700000000002 0.972549 0.97647099999999998 0.98039200000000004 0.98431400000000002 0.98823499999999997 0.99215699999999996 0.99607800000000002 1)))

# end of devicerc
